16
Normal 0
Fighting 0
Flying 0
Poison 0
Ground 0
Rock 0
Bird 0
Bug 0
Ghost 0
Fire 1
Water 1
Grass 1
Electric 1
Psychic 1
Ice 1
Dragon 1
1   1   1   1   1  .5   1   1   0   1   1   1   1   1   1   1
2   1  .5  .5   1   2   1  .5   0   1   1   1   1  .5   2   1
1   2   1   1   1  .5   1   2   1   1   1   2  .5   1   1   1
1   1   1  .5  .5  .5   1   2  .5   1   1   2   1   1   1   1
1   1   0   2   1   2   1  .5   1   2   1  .5   2   1   1   1
1  .5   2   1  .5   1   1   2   1   2   1   1   1   1   2   1
1   1   1   1   1   1   1   1   1   1   1   1   1   1   1   1
1  .5  .5   2   1   1   1   1  .5  .5   1   2   1   2   1   1
0   1   1   1   1   1   1   1   2   1   1   1   1   0   1   1
1   1   1   1   1  .5   1   2   1  .5  .5   2   1   1   2  .5
1   1   1   1   2   2   1   1   1   2  .5  .5   1   1   1  .5
1   1  .5  .5   2   2   1  .5   1  .5   2  .5   1   1   1  .5
1   1   2   1   0   1   1   1   1   1   2  .5  .5   1   1  .5
1   2   1   2   1   1   1   1   1   1   1   1   1  .5   1   1
1   1   2   1   2   1   1   1   1   1  .5   2   1   1  .5   2
1   1   1   1   1   1   1   1   1   1   1   1   1   1   1   2
